terminateReason = "maxComplementarity exceeded";
primalObjective = -309679486601097502026273325387963947936489768439822921922697219034850427695364109938947307548933896598411.1125574726932819635113034419774679496234661339221391158337075851058860340621404998969614007796735374071553009509139532492740254433720830439135838552347779174722917795338182423496697342133623573814478140137;
dualObjective   = -8.647495949040725432904841638057009721290094151076214162628163554134475250872724358607725818579153220242098536847773572972801075033176365871656524320975422420665470338779935892762623775611047469952313637530951732790335907997130186766841353506876683120141517762800266307265181111427262599852621035198160658358743;
dualityGap      = 0.9999999999999999999999999999999999999999999999999999999999999999999999999999999999999999999999999999999441519614750609137364632537122775486827920837675746080126776412934378460654075754794168684328406291219421941533592100443810248998108566896601873549984143295304311108982988969294446608370537836722915556875458;
primalError     = 1.302696912796529073761557729989298270575478393701474006485769394328240688749215427730358349046501283275106890629778603126210442355494794529627222832795453088867751002062088801831260533386557323494603878788163801922110396775391533377409663032068112911655910031816285665176502670364663829027169566895332398517852e-185;
dualError       = 4.281901569075203339296493379101952180208231544120980090697387606534401421544578707216465821042236487430700928815163644453660386871773911063820003404488897658755104697602976741276275765418000386825060949951858304549154099723524066657671397670027053142620660299212537289318547468375020154504426587625322184474376e-11;
Solver runtime  = 77;
