terminateReason = "maxComplementarity exceeded";
primalObjective = -2.416568203743832094161431170030068118168561545664940373410618814266958035618173180926733284164410750734428438519115233088081769829115211092245721672769257310557923901438671643944365118553665647269406950805524721526836170160891621523200606758545353480436712149878530517059569693605531989380889941243830280198167;
dualObjective   = 10536449012669641964242615278243025406985678605384618578674719959586543139852711363401114927262063389965235.10453604723802431518050217364193479477574459713881289097726377152296294391124760714079591910839136717243792032960784951247882926293780747271542041021748365048946294576925133738022167970904816137558250992;
dualityGap      = 1;
primalError     = 1.252897760935669304709725841973750018550576670146707249197473516686628614313674507699429655042164707361793011671973817481505087587580322776497848905215628590952597998839877340429409060608638413712547281383948974478226760848704933784752639088802956858625456564466065283750031577457041351816037447147414676966428e-09;
dualError       = 5.037958215304048385575907420761998731087013776129735832093890463575690382717480640817404070258787887611599831797547484891331789242217401022396938078615134131539943798055170134248548288536023446741324100891026891698724790445574715761087560492848476105795365727836123949272218006251582848326866427343895986409251e-191;
Solver runtime  = 351;
