terminateReason = "found primal-dual optimal solution";
primalObjective = -2.614181352615224887342017443793577184004400844966404716849906285674299368823552005081181227704248556099823505461369215961940950813817516411966065705724866082790779622372693197798736074148890618324324621612370164535921806169772677399626590657945117855288399743422403882818540778310021658350203035682868691823648;
dualObjective   = -2.614181352615224887342017443795216842933726819581101583929660251600576801427214057702647750430579957620106503678147822211204913489523677556594808827778906560153632631830082776226597130411608008178728311452591637223435768565300361678539975578806462897117465254870980640584347331297908987391920065301437384289571;
dualityGap      = 3.136084892667567157635331692602608031530486464181977918520792727032045922544914012911003553565856793155212077465381156337884124394458381239211586268920218344456388507247437019291467023962554727511415133028573122168326208977014752438076081405676175503335683554835104846780797158129423604350639578608456197729235e-31;
primalError     = 2.834656414892091917976407115435883984959417890438459068086996832410436834295605236655971431870624091661232790154030588900923832084345552675129373237171105794982653954412941947442353687087985061428612679548844178239449205559248804952924893738045095680142161229645918528657566443205779302637238332806312426725439e-301;
dualError       = 5.925584762353030211403759844037180709858013870840483539888314917809538331703115836076335880349850910855885571906717916503907303654921399857365248691598534745213228803613632595612290872122973810367657564701454972063087712957462526603461262157256611949708689053886351355786566039830895362028360693521915632007365e-286;
Solver runtime  = 230;
