terminateReason = "found primal-dual optimal solution";
primalObjective = -2.61418135261522488734201744379357718400440084496640471684990628567429936882355200508118122770424855609982350546136921596194095081381751641196606570572486608279077962237269319779873607414889061832432462161237016453592180616977267739962659065794511785528839974342240388281854077831002165835020303568287140228917;
dualObjective   = -2.61418135261522488734201744379521684293372681958110158392966025160057680142721405770264775043057995762010650367814782221120491348952367755659480882777890656015363263183008277622659713041160800817872831145259163722343576856530036167853997557880646289711746525487098064058434733129790898739192006530143738428957;
dualityGap      = 3.136084892667567157635331692602608031530486464181977918520792727032045922544914012911003553565856793155212077465381156337884124394458381239211586268920218344456388507247437019291467023962554727511415133028573122168326208977014752438076081405676175503335683554835104846775613000727368807748798356732024504725132e-31;
primalError     = 1.589182824738136689687109566176252091781318254900516282512562598642429564286748947428234832477248268884734887695703655120056541010297566413773097669759427682672148627790341613313971783676729927690096441469304381884373805623560747366402881249743092147554154332912347258900910940646562417453543604253913670335991e-301;
dualError       = 6.522359395381418679890396564678839379953227517191126866202526409342698883108177859960686819525023890861249752744708542542838713130788005181852111604782661344220570372513375722548245369147771108001836187696279071770584342143682199869301378207016762644221380053179810990049482830750133041328116337466126795367881e-286;
Solver runtime  = 30;
